Full
0.00    0   0.00    109.60
0.00    1   91.83   20.74
0.01    2   44.43   115.52
0.01    3   14.81   0.00
0.01    4   20.74   0.00
0.02    5   32.58   0.00
0.02    6   14.81   11.85
0.02    7   26.66   0.00
0.03    8   14.81   0.00
0.03    9   29.62   0.00
0.03    10  11.85   17.77
0.04    11  26.66   0.00
0.04    12  14.81   0.00
0.04    13  26.66   0.00
0.05    14  8.89    17.77
0.05    15  20.74   0.00
0.05    16  11.85   14.81
0.06    17  29.62   0.00
0.06    18  11.85   17.77
0.06    19  20.74   0.00
0.07    20  14.81   14.81
0.07    21  26.66   0.00
0.07    22  11.85   20.74
0.07    23  23.70   0.00
0.08    24  11.85   17.77
0.08    25  26.66   0.00
0.08    26  11.85   20.74
0.09    27  20.74   0.00
0.09    28  11.85   20.74
0.09    29  26.66   0.00
0.10    30  8.89    20.74
0.10    31  20.74   0.00
0.10    32  11.85   20.74
0.11    33  26.66   0.00
0.11    34  8.89    23.70
0.11    35  20.74   0.00
0.12    36  8.89    17.77
0.12    37  26.66   0.00
0.12    38  11.85   23.70
0.13    39  20.74   0.00
0.13    40  11.85   17.77
0.13    41  26.66   0.00
0.14    42  8.89    23.70
0.14    43  20.74   0.00
0.14    44  8.89    20.74
0.15    45  26.66   0.00
0.15    46  8.89    23.70
0.15    47  20.74   0.00
0.16    48  8.89    20.74
0.16    49  26.66   0.00
0.16    50  11.85   23.70
0.17    51  20.74   0.00
0.17    52  8.89    20.74
0.17    53  23.70   0.00
0.18    54  8.89    20.74
0.18    55  23.70   0.00
0.18    56  8.89    17.77
0.19    57  26.66   0.00
0.19    58  8.89    20.74
0.19    59  23.70   0.00
0.19    60  8.89    20.74
0.20    61  26.66   0.00
0.20    62  8.89    20.74
0.20    63  20.74   0.00
0.21    64  8.89    20.74
0.21    65  23.70   0.00
0.21    66  8.89    20.74
0.22    67  23.70   0.00
0.22    68  11.85   17.77
0.22    69  26.66   0.00
0.23    70  11.85   20.74
0.23    71  23.70   0.00
0.23    72  11.85   17.77
0.24    73  26.66   0.00
0.24    74  11.85   20.74
0.24    75  23.70   0.00
0.25    76  11.85   17.77
0.25    77  26.66   0.00
0.25    78  8.89    20.74
0.26    79  23.70   0.00
0.26    80  11.85   17.77
0.26    81  26.66   0.00
0.27    82  11.85   20.74
0.27    83  20.74   0.00
0.27    84  11.85   17.77
0.28    85  26.66   0.00
0.28    86  8.89    20.74
0.28    87  23.70   0.00
0.29    88  11.85   17.77
0.29    89  26.66   0.00
0.29    90  11.85   20.74
0.30    91  23.70   0.00
0.30    92  11.85   17.77
0.30    93  26.66   0.00
0.31    94  8.89    20.74
0.31    95  23.70   0.00
0.31    96  11.85   17.77
0.32    97  26.66   0.00
0.32    98  8.89    20.74
0.32    99  23.70   0.00
0.32    100 11.85   17.77
0.33    101 26.66   0.00
0.33    102 8.89    20.74
0.33    103 23.70   0.00
0.34    104 11.85   17.77
0.34    105 26.66   0.00
0.34    106 11.85   17.77
0.35    107 26.66   0.00
0.35    108 14.81   14.81
0.35    109 29.62   0.00
0.36    110 11.85   17.77
0.36    111 26.66   0.00
0.36    112 14.81   8.89
0.37    113 29.62   0.00
0.37    114 11.85   17.77
0.37    115 26.66   0.00
0.38    116 14.81   0.00
0.38    117 29.62   0.00
0.38    118 8.89    20.74
0.39    119 23.70   0.00
0.39    120 14.81   5.92
0.39    121 29.62   0.00
0.40    122 8.89    20.74
0.40    123 26.66   0.00
0.40    124 14.81   0.00
0.41    125 26.66   0.00
0.41    126 11.85   20.74
0.41    127 23.70   0.00
0.42    128 11.85   17.77
0.42    129 26.66   0.00
0.42    130 11.85   20.74
0.43    131 26.66   0.00
0.43    132 14.81   8.89
0.43    133 29.62   0.00
0.44    134 14.81   17.77
0.44    135 26.66   0.00
0.44    136 14.81   2.96
0.45    137 29.62   0.00
0.45    138 11.85   17.77
0.45    139 26.66   0.00
0.46    140 14.81   5.92
0.46    141 29.62   0.00
0.46    142 11.85   17.77
0.47    143 26.66   0.00
0.47    144 14.81   8.89
0.47    145 26.66   0.00
0.48    146 11.85   17.77
0.48    147 26.66   0.00
0.48    148 14.81   0.00
0.48    149 26.66   0.00
0.49    150 11.85   20.74
0.49    151 23.70   0.00
0.49    152 14.81   8.89
0.50    153 29.62   0.00
0.50    154 14.81   17.77
0.50    155 26.66   0.00
0.51    156 14.81   5.92
0.51    157 26.66   0.00
0.51    158 11.85   20.74
0.52    159 26.66   0.00
0.52    160 11.85   17.77
0.52    161 29.62   0.00
0.53    162 11.85   17.77
0.53    163 26.66   0.00
0.53    164 11.85   8.89
0.54    165 26.66   0.00
0.54    166 11.85   17.77
0.54    167 26.66   0.00
0.55    168 14.81   14.81
0.55    169 26.66   0.00
0.55    170 11.85   17.77
0.56    171 26.66   0.00
0.56    172 14.81   17.77
0.56    173 26.66   0.00
0.57    174 11.85   17.77
0.57    175 26.66   0.00
0.57    176 14.81   14.81
0.58    177 26.66   0.00
0.58    178 11.85   17.77
0.58    179 26.66   0.00
0.59    180 14.81   17.77
0.59    181 26.66   0.00
0.59    182 11.85   20.74
0.60    183 26.66   0.00
0.60    184 11.85   20.74
0.60    185 26.66   0.00
0.61    186 11.85   17.77
0.61    187 26.66   0.00
0.61    188 14.81   17.77
0.62    189 26.66   0.00
0.62    190 11.85   17.77
0.62    191 26.66   0.00
0.63    192 14.81   17.77
0.63    193 26.66   0.00
0.63    194 8.89    20.74
0.64    195 26.66   0.00
0.64    196 11.85   17.77
0.64    197 26.66   0.00
0.65    198 8.89    20.74
0.65    199 23.70   0.00
0.65    200 14.81   17.77
0.66    201 26.66   0.00
0.66    202 8.89    20.74
0.66    203 23.70   0.00
0.67    204 11.85   17.77
0.67    205 26.66   0.00
0.67    206 8.89    20.74
0.67    207 23.70   0.00
0.68    208 11.85   20.74
0.68    209 26.66   0.00
0.68    210 8.89    20.74
0.69    211 23.70   0.00
0.69    212 14.81   17.77
0.69    213 26.66   0.00
0.70    214 8.89    20.74
0.70    215 23.70   0.00
0.70    216 11.85   17.77
0.71    217 26.66   0.00
0.71    218 8.89    20.74
0.71    219 26.66   0.00
0.72    220 11.85   17.77
0.72    221 26.66   0.00
0.72    222 8.89    20.74
0.73    223 23.70   0.00
0.73    224 14.81   17.77
0.73    225 26.66   0.00
0.74    226 8.89    20.74
0.74    227 20.74   0.00
0.74    228 14.81   17.77
0.75    229 26.66   0.00
0.75    230 11.85   20.74
0.75    231 20.74   0.00
0.76    232 11.85   17.77
0.76    233 26.66   0.00
0.76    234 11.85   20.74
0.77    235 23.70   0.00
0.77    236 11.85   17.77
0.77    237 26.66   0.00
0.78    238 11.85   20.74
0.78    239 26.66   0.00
0.78    240 11.85   17.77
0.79    241 26.66   0.00
0.79    242 11.85   20.74
0.79    243 20.74   0.00
0.80    244 11.85   17.77
0.80    245 26.66   0.00
0.80    246 11.85   20.74
0.81    247 26.66   0.00
0.81    248 11.85   17.77
0.81    249 26.66   0.00
0.82    250 11.85   20.74
0.82    251 26.66   0.00
0.82    252 11.85   17.77
0.83    253 26.66   0.00
0.83    254 11.85   20.74
0.83    255 23.70   0.00
0.84    256 11.85   17.77
0.84    257 26.66   0.00
0.84    258 11.85   20.74
0.85    259 26.66   0.00
0.85    260 11.85   14.81
0.85    261 26.66   0.00
0.86    262 11.85   20.74
0.86    263 26.66   0.00
0.86    264 14.81   17.77
0.87    265 26.66   0.00
0.87    266 11.85   20.74
0.87    267 23.70   0.00
0.87    268 11.85   17.77
0.88    269 26.66   0.00
0.88    270 11.85   20.74
0.88    271 26.66   0.00
0.89    272 14.81   17.77
0.89    273 26.66   0.00
0.89    274 11.85   17.77
0.90    275 26.66   0.00
0.90    276 11.85   17.77
0.90    277 26.66   0.00
0.91    278 11.85   20.74
0.91    279 26.66   0.00
0.91    280 11.85   17.77
0.92    281 26.66   0.00
0.92    282 11.85   17.77
0.92    283 26.66   0.00
0.93    284 14.81   14.81
0.93    285 26.66   0.00
0.93    286 11.85   17.77
0.94    287 26.66   0.00
0.94    288 14.81   11.85
0.94    289 29.62   0.00
0.95    290 11.85   17.77
0.95    291 26.66   0.00
0.95    292 14.81   14.81
0.96    293 26.66   0.00
0.96    294 11.85   17.77
0.96    295 26.66   0.00
0.97    296 14.81   14.81
0.97    297 29.62   0.00
0.97    298 11.85   17.77
0.98    299 26.66   0.00
0.98    300 14.81   5.92
0.98    301 29.62   0.00
0.99    302 11.85   17.77
0.99    303 26.66   0.00
0.99    304 14.81   2.96
1.00    305 29.62   0.00
1.00    306 11.85   17.77
1.00    307 26.66   0.00
1.01    308 14.81   14.81
1.01    309 26.66   0.00
1.01    310 11.85   17.77
1.02    311 26.66   0.00
1.02    312 14.81   11.85
1.02    313 26.66   0.00
1.03    314 11.85   17.77
1.03    315 26.66   0.00
1.03    316 11.85   14.81
1.04    317 29.62   0.00
1.04    318 14.81   17.77
1.04    319 26.66   0.00
1.05    320 14.81   8.89
1.05    321 29.62   0.00
1.05    322 14.81   17.77
1.06    323 26.66   0.00
1.06    324 14.81   14.81
1.06    325 29.62   0.00
1.07    326 11.85   17.77
1.07    327 23.70   0.00
1.07    328 11.85   14.81
1.07    329 29.62   0.00
1.08    330 14.81   17.77
1.08    331 26.66   0.00
1.08    332 14.81   8.89
1.09    333 29.62   0.00
1.09    334 11.85   17.77
1.09    335 26.66   0.00
1.10    336 14.81   0.00
1.10    337 26.66   0.00
1.10    338 11.85   20.74
1.11    339 26.66   0.00
1.11    340 11.85   14.81
1.11    341 26.66   0.00
1.12    342 11.85   17.77
1.12    343 26.66   0.00
1.12    344 11.85   14.81
1.13    345 26.66   0.00
1.13    346 14.81   17.77
1.13    347 26.66   0.00
1.14    348 14.81   11.85
1.14    349 29.62   0.00
1.14    350 14.81   17.77
1.15    351 26.66   0.00
1.15    352 14.81   2.96
1.15    353 29.62   0.00
1.16    354 14.81   17.77
1.16    355 26.66   0.00
1.16    356 14.81   2.96
1.17    357 29.62   0.00
1.17    358 11.85   17.77
1.17    359 26.66   0.00
1.18    360 14.81   8.89
1.18    361 29.62   0.00
1.18    362 11.85   17.77
1.19    363 26.66   0.00
1.19    364 14.81   2.96
1.19    365 29.62   0.00
1.20    366 11.85   17.77
1.20    367 26.66   0.00
1.20    368 14.81   2.96
1.21    369 26.66   0.00
1.21    370 14.81   17.77
1.21    371 26.66   0.00
1.22    372 11.85   17.77
1.22    373 26.66   0.00
1.22    374 11.85   17.77
1.23    375 26.66   0.00
1.23    376 14.81   17.77
1.23    377 26.66   0.00
1.24    378 11.85   20.74
1.24    379 26.66   0.00
1.24    380 11.85   17.77
1.24    381 26.66   0.00
1.25    382 11.85   20.74
1.25    383 26.66   0.00
1.25    384 11.85   17.77
1.26    385 26.66   0.00
1.26    386 11.85   20.74
1.26    387 26.66   0.00
1.27    388 14.81   17.77
1.27    389 26.66   0.00
1.27    390 11.85   20.74
1.28    391 26.66   0.00
1.28    392 14.81   17.77
1.28    393 26.66   0.00
1.29    394 8.89    20.74
1.29    395 26.66   0.00
1.29    396 11.85   20.74
1.30    397 26.66   0.00
1.30    398 8.89    20.74
1.30    399 23.70   0.00
1.31    400 11.85   20.74
1.31    401 26.66   0.00
1.31    402 8.89    20.74
1.32    403 23.70   0.00
1.32    404 11.85   20.74
1.32    405 26.66   0.00
1.33    406 8.89    20.74
1.33    407 23.70   0.00
1.33    408 11.85   20.74
1.34    409 26.66   0.00
1.34    410 8.89    20.74
1.34    411 23.70   0.00
1.35    412 11.85   17.77
1.35    413 26.66   0.00
1.35    414 11.85   20.74
1.36    415 26.66   0.00
1.36    416 14.81   17.77
1.36    417 29.62   0.00
1.37    418 8.89    20.74
1.37    419 23.70   0.00
1.37    420 11.85   17.77
1.38    421 26.66   0.00
1.38    422 11.85   20.74
1.38    423 23.70   0.00
1.39    424 11.85   17.77
1.39    425 26.66   0.00
1.39    426 11.85   20.74
1.40    427 20.74   0.00
1.40    428 14.81   17.77
1.40    429 29.62   0.00
1.41    430 11.85   20.74
1.41    431 23.70   0.00
1.41    432 11.85   17.77
1.42    433 26.66   0.00
1.42    434 8.89    20.74
1.42    435 23.70   0.00
1.43    436 11.85   17.77
1.43    437 26.66   0.00
1.43    438 11.85   20.74
1.44    439 23.70   0.00
1.44    440 11.85   17.77
1.44    441 26.66   0.00
1.44    442 11.85   20.74
1.45    443 23.70   0.00
1.45    444 11.85   17.77
1.45    445 26.66   0.00
1.46    446 11.85   20.74
1.46    447 26.66   0.00
1.46    448 11.85   17.77
1.47    449 26.66   0.00
1.47    450 11.85   20.74
1.47    451 26.66   0.00
1.48    452 11.85   17.77
1.48    453 26.66   0.00
1.48    454 11.85   20.74
1.49    455 23.70   0.00
1.49    456 11.85   17.77
1.49    457 26.66   0.00
1.50    458 11.85   20.74
1.50    459 26.66   0.00
1.50    460 11.85   17.77
1.51    461 26.66   0.00
1.51    462 11.85   20.74
1.51    463 26.66   0.00
1.52    464 11.85   17.77
1.52    465 26.66   0.00
1.52    466 11.85   20.74
1.53    467 26.66   0.00
1.53    468 11.85   17.77
1.53    469 26.66   0.00
1.54    470 11.85   20.74
1.54    471 26.66   0.00
1.54    472 14.81   17.77
1.55    473 26.66   0.00
1.55    474 11.85   17.77
1.55    475 26.66   0.00
1.56    476 14.81   17.77
1.56    477 26.66   0.00
1.56    478 11.85   17.77
1.57    479 26.66   0.00
1.57    480 14.81   14.81
1.57    481 26.66   0.00
1.58    482 11.85   17.77
1.58    483 26.66   0.00
1.58    484 14.81   14.81
1.59    485 26.66   0.00
1.59    486 11.85   17.77
1.59    487 26.66   0.00
1.60    488 14.81   8.89
1.60    489 29.62   0.00
1.60    490 11.85   17.77
1.61    491 26.66   0.00
1.61    492 14.81   14.81
1.61    493 29.62   0.00
1.62    494 11.85   17.77
1.62    495 26.66   0.00
1.62    496 14.81   0.00
1.63    497 29.62   0.00
1.63    498 8.89    17.77
1.63    499 26.66   0.00
1.63    500 14.81   5.92
1.64    501 29.62   0.00
1.64    502 11.85   17.77
1.64    503 26.66   0.00
1.65    504 14.81   0.00
1.65    505 26.66   0.00
1.65    506 11.85   17.77
1.66    507 26.66   0.00
1.66    508 14.81   0.00
1.66    509 26.66   0.00
1.67    510 8.89    17.77
1.67    511 26.66   0.00
1.67    512 14.81   2.96
1.68    513 26.66   0.00
1.68    514 11.85   17.77
1.68    515 26.66   0.00
1.69    516 14.81   8.89
1.69    517 29.62   0.00
1.69    518 14.81   17.77
1.70    519 26.66   0.00
1.70    520 14.81   0.00
1.70    521 29.62   0.00
1.71    522 8.89    20.74
1.71    523 23.70   0.00
1.71    524 14.81   11.85
1.72    525 29.62   0.00
1.72    526 11.85   20.74
1.72    527 26.66   0.00
1.73    528 14.81   11.85
1.73    529 29.62   0.00
1.73    530 11.85   17.77
1.74    531 26.66   0.00
1.74    532 11.85   2.96
1.74    533 29.62   0.00
1.75    534 11.85   17.77
1.75    535 26.66   0.00
1.75    536 14.81   0.00
1.76    537 29.62   0.00
1.76    538 11.85   20.74
1.76    539 26.66   0.00
1.77    540 14.81   0.00
1.77    541 26.66   0.00
1.77    542 11.85   20.74
1.78    543 26.66   0.00
1.78    544 14.81   8.89
1.78    545 26.66   0.00
1.79    546 11.85   17.77
1.79    547 26.66   0.00
1.79    548 11.85   11.85
1.79    549 26.66   0.00
1.80    550 14.81   17.77
1.80    551 26.66   0.00
1.80    552 14.81   0.00
1.81    553 26.66   0.00
1.81    554 11.85   20.74
1.81    555 26.66   0.00
1.82    556 11.85   8.89
1.82    557 29.62   0.00
1.82    558 11.85   17.77
1.83    559 26.66   0.00
1.83    560 14.81   0.00
1.83    561 26.66   0.00
1.84    562 11.85   20.74
1.84    563 26.66   0.00
1.84    564 14.81   14.81
1.85    565 26.66   0.00
1.85    566 11.85   17.77
1.85    567 26.66   0.00
1.86    568 14.81   14.81
1.86    569 26.66   0.00
1.86    570 11.85   17.77
1.87    571 26.66   0.00
1.87    572 14.81   17.77
1.87    573 29.62   0.00
1.88    574 14.81   17.77
1.88    575 26.66   0.00
1.88    576 14.81   11.85
1.89    577 26.66   0.00
1.89    578 14.81   17.77
1.89    579 29.62   0.00
1.90    580 14.81   17.77
1.90    581 26.66   0.00
1.90    582 11.85   20.74
1.91    583 26.66   0.00
1.91    584 11.85   17.77
1.91    585 26.66   0.00
1.92    586 11.85   20.74
1.92    587 26.66   0.00
1.92    588 14.81   17.77
1.93    589 26.66   0.00
1.93    590 11.85   17.77
1.93    591 26.66   0.00
1.94    592 14.81   17.77
1.94    593 26.66   0.00
1.94    594 11.85   20.74
1.95    595 26.66   0.00
1.95    596 14.81   17.77
1.95    597 26.66   0.00
1.96    598 11.85   20.74
1.96    599 26.66   0.00
1.96    600 14.81   17.77
1.97    601 29.62   0.00
1.97    602 11.85   20.74
1.97    603 26.66   0.00
1.97    604 14.81   17.77
1.98    605 29.62   0.00
1.98    606 8.89    20.74
1.98    607 23.70   0.00
1.99    608 11.85   17.77
1.99    609 26.66   0.00
1.99    610 11.85   17.77
2.00    611 23.70   0.00
2.00    612 14.81   17.77
2.00    613 29.62   0.00
2.01    614 11.85   20.74
2.01    615 23.70   0.00
2.01    616 14.81   17.77
2.02    617 26.66   0.00
2.02    618 11.85   20.74
2.02    619 26.66   0.00
2.03    620 14.81   17.77
2.03    621 29.62   0.00
2.03    622 11.85   20.74
2.04    623 26.66   0.00
2.04    624 14.81   17.77
2.04    625 29.62   0.00
2.05    626 11.85   20.74
2.05    627 23.70   0.00
2.05    628 14.81   17.77
2.06    629 29.62   0.00
2.06    630 11.85   20.74
2.06    631 23.70   0.00
2.07    632 14.81   14.81
2.07    633 29.62   0.00
2.07    634 11.85   20.74
2.08    635 26.66   0.00
2.08    636 14.81   11.85
2.08    637 32.58   0.00
2.09    638 11.85   20.74
2.09    639 26.66   0.00
2.09    640 14.81   11.85
2.10    641 26.66   0.00
2.10    642 11.85   20.74
2.10    643 26.66   0.00
2.11    644 14.81   8.89
2.11    645 29.62   0.00
2.11    646 14.81   20.74
2.12    647 26.66   0.00
2.12    648 11.85   17.77
2.12    649 29.62   0.00
2.13    650 11.85   20.74
2.13    651 26.66   0.00
2.13    652 11.85   14.81
2.14    653 29.62   0.00
2.14    654 11.85   17.77
2.14    655 26.66   0.00
2.15    656 11.85   14.81
2.15    657 29.62   0.00
2.15    658 14.81   17.77
2.16    659 26.66   0.00
2.16    660 11.85   11.85
2.16    661 26.66   0.00
2.17    662 11.85   17.77
2.17    663 26.66   0.00
2.17    664 14.81   8.89
2.18    665 29.62   0.00
2.18    666 11.85   20.74
2.18    667 26.66   0.00
2.19    668 14.81   14.81
2.19    669 26.66   0.00
2.19    670 11.85   17.77
2.19    671 26.66   0.00
2.20    672 14.81   14.81
2.20    673 26.66   0.00
2.20    674 14.81   17.77
2.21    675 26.66   0.00
2.21    676 14.81   14.81
2.21    677 29.62   0.00
2.22    678 14.81   17.77
2.22    679 26.66   0.00
2.22    680 14.81   2.96
2.23    681 29.62   0.00
2.23    682 14.81   17.77
2.23    683 26.66   0.00
2.24    684 11.85   14.81
2.24    685 29.62   0.00
2.24    686 11.85   17.77
2.25    687 26.66   0.00
2.25    688 14.81   14.81
2.25    689 29.62   0.00
2.26    690 14.81   17.77
2.26    691 26.66   0.00
2.26    692 14.81   8.89
2.27    693 29.62   0.00
2.27    694 11.85   17.77
2.27    695 29.62   0.00
2.28    696 14.81   5.92
2.28    697 29.62   0.00
2.28    698 11.85   17.77
2.29    699 26.66   0.00
2.29    700 17.77   0.00
2.29    701 26.66   0.00
2.30    702 11.85   17.77
2.30    703 26.66   0.00
2.30    704 14.81   0.00
2.31    705 26.66   0.00
2.31    706 8.89    20.74
2.31    707 26.66   0.00
2.32    708 14.81   11.85
2.32    709 29.62   0.00
2.32    710 11.85   17.77
2.33    711 26.66   0.00
2.33    712 14.81   14.81
2.33    713 29.62   0.00
2.34    714 14.81   17.77
2.34    715 26.66   0.00
2.34    716 14.81   5.92
2.35    717 29.62   0.00
2.35    718 11.85   17.77
2.35    719 26.66   0.00
2.36    720 14.81   0.00
2.36    721 26.66   0.00
2.36    722 11.85   20.74
2.37    723 26.66   0.00
2.37    724 14.81   8.89
2.37    725 29.62   0.00
2.38    726 11.85   20.74
2.38    727 26.66   0.00
2.38    728 14.81   5.92
2.39    729 29.62   0.00
2.39    730 11.85   17.77
2.39    731 26.66   0.00
2.39    732 14.81   0.00
2.40    733 29.62   0.00
2.40    734 11.85   20.74
2.40    735 26.66   0.00
2.41    736 14.81   0.00
2.41    737 29.62   0.00
2.41    738 11.85   20.74
2.42    739 23.70   0.00
2.42    740 11.85   14.81
2.42    741 29.62   0.00
2.43    742 14.81   17.77
2.43    743 26.66   0.00
2.43    744 14.81   0.00
2.44    745 29.62   0.00
2.44    746 11.85   17.77
2.44    747 26.66   0.00
2.45    748 14.81   2.96
2.45    749 29.62   0.00
2.45    750 14.81   17.77
2.46    751 26.66   0.00
2.46    752 14.81   0.00
2.46    753 29.62   0.00
2.47    754 11.85   17.77
2.47    755 26.66   0.00
2.47    756 14.81   0.00
2.48    757 26.66   0.00
2.48    758 11.85   17.77
2.48    759 26.66   0.00
2.49    760 14.81   8.89
2.49    761 29.62   0.00
2.49    762 14.81   17.77
2.50    763 26.66   0.00
2.50    764 11.85   14.81
2.50    765 29.62   0.00
2.51    766 14.81   17.77
2.51    767 26.66   0.00
2.51    768 14.81   14.81
2.52    769 26.66   0.00
2.52    770 11.85   17.77
2.52    771 26.66   0.00
2.53    772 14.81   14.81
2.53    773 29.62   0.00
2.53    774 11.85   17.77
2.54    775 26.66   0.00
2.54    776 14.81   14.81
2.54    777 26.66   0.00
2.55    778 11.85   17.77
2.55    779 26.66   0.00
2.55    780 14.81   14.81
2.56    781 26.66   0.00
2.56    782 11.85   17.77
2.56    783 26.66   0.00
2.57    784 14.81   14.81
2.57    785 26.66   0.00
2.57    786 11.85   17.77
2.57    787 26.66   0.00
2.58    788 14.81   14.81
2.58    789 26.66   0.00
2.58    790 11.85   17.77
2.59    791 26.66   0.00
2.59    792 14.81   14.81
2.59    793 29.62   0.00
2.60    794 11.85   17.77
2.60    795 26.66   0.00
2.60    796 14.81   17.77
2.61    797 29.62   0.00
2.61    798 11.85   17.77
2.61    799 26.66   0.00
2.62    800 14.81   17.77
2.62    801 29.62   0.00
2.62    802 11.85   17.77
2.63    803 26.66   0.00
2.63    804 14.81   17.77
2.63    805 29.62   0.00
2.64    806 11.85   17.77
2.64    807 26.66   0.00
2.64    808 14.81   17.77
2.65    809 29.62   0.00
2.65    810 11.85   17.77
2.65    811 26.66   0.00
2.66    812 14.81   14.81
2.66    813 29.62   0.00
2.66    814 11.85   17.77
2.67    815 23.70   0.00
2.67    816 14.81   14.81
2.67    817 29.62   0.00
2.68    818 11.85   20.74
2.68    819 23.70   0.00
2.68    820 11.85   17.77
2.69    821 29.62   0.00
2.69    822 11.85   20.74
2.69    823 26.66   0.00
2.70    824 14.81   5.92
2.70    825 29.62   0.00
2.70    826 11.85   20.74
2.71    827 26.66   0.00
2.71    828 14.81   14.81
2.71    829 29.62   0.00
2.72    830 11.85   20.74
2.72    831 26.66   0.00
2.72    832 14.81   11.85
2.73    833 29.62   0.00
2.73    834 11.85   20.74
2.73    835 23.70   0.00
2.74    836 14.81   8.89
2.74    837 29.62   0.00
2.74    838 11.85   20.74
2.75    839 26.66   0.00
2.75    840 14.81   8.89
2.75    841 29.62   0.00
2.76    842 11.85   20.74
2.76    843 26.66   0.00
2.76    844 14.81   2.96
2.77    845 29.62   0.00
2.77    846 11.85   20.74
2.77    847 26.66   0.00
2.78    848 14.81   0.00
2.78    849 29.62   0.00
2.78    850 11.85   20.74
2.79    851 23.70   0.00
2.79    852 11.85   17.77
2.79    853 29.62   0.00
2.80    854 14.81   17.77
2.80    855 26.66   0.00
2.80    856 14.81   14.81
2.80    857 29.62   0.00
2.81    858 11.85   17.77
2.81    859 26.66   0.00
2.81    860 14.81   0.00
2.82    861 29.62   0.00
2.82    862 11.85   20.74
2.82    863 26.66   0.00
2.83    864 14.81   14.81
2.83    865 26.66   0.00
2.83    866 11.85   17.77
2.84    867 26.66   0.00
2.84    868 14.81   0.00
2.84    869 26.66   0.00
2.85    870 11.85   17.77
2.85    871 26.66   0.00
2.85    872 14.81   14.81
2.86    873 26.66   0.00
2.86    874 14.81   17.77
2.86    875 29.62   0.00
2.87    876 14.81   2.96
2.87    877 26.66   0.00
2.87    878 14.81   14.81
2.88    879 26.66   0.00
2.88    880 14.81   2.96
2.88    881 29.62   0.00
2.89    882 14.81   14.81
2.89    883 29.62   0.00
2.89    884 14.81   0.00
2.90    885 29.62   0.00
2.90    886 14.81   17.77
2.90    887 26.66   0.00
2.91    888 14.81   2.96
2.91    889 29.62   0.00
2.91    890 11.85   17.77
2.92    891 26.66   0.00
2.92    892 17.77   0.00
2.92    893 29.62   0.00
2.93    894 8.89    17.77
2.93    895 26.66   0.00
2.93    896 14.81   2.96
2.94    897 29.62   0.00
2.94    898 11.85   17.77
2.94    899 26.66   0.00
2.95    900 14.81   0.00
2.95    901 26.66   0.00
2.95    902 11.85   17.77
2.96    903 26.66   0.00
2.96    904 14.81   0.00
2.96    905 26.66   0.00
2.97    906 11.85   17.77
2.97    907 26.66   0.00
2.97    908 14.81   5.92
2.97    909 29.62   0.00
2.98    910 14.81   14.81
2.98    911 26.66   0.00
2.98    912 14.81   0.00
2.99    913 29.62   0.00
2.99    914 11.85   17.77
2.99    915 26.66   0.00
3.00    916 14.81   0.00
3.00    917 29.62   0.00
3.00    918 11.85   17.77
3.01    919 26.66   0.00
3.01    920 14.81   0.00
3.01    921 29.62   0.00
3.02    922 11.85   17.77
3.02    923 26.66   0.00
3.02    924 14.81   0.00
3.03    925 29.62   0.00
3.03    926 11.85   17.77
3.03    927 26.66   0.00
3.04    928 14.81   2.96
3.04    929 32.58   0.00
3.04    930 14.81   14.81
3.05    931 26.66   0.00
3.05    932 14.81   0.00
3.05    933 29.62   0.00
3.06    934 14.81   17.77
3.06    935 26.66   0.00
3.06    936 14.81   0.00
3.07    937 29.62   0.00
3.07    938 11.85   17.77
3.07    939 26.66   0.00
3.08    940 14.81   0.00
3.08    941 29.62   0.00
3.08    942 11.85   17.77
3.09    943 26.66   0.00
3.09    944 14.81   0.00
3.09    945 26.66   0.00
3.10    946 11.85   17.77
3.10    947 26.66   0.00
3.10    948 14.81   0.00
3.11    949 26.66   0.00
3.11    950 11.85   20.74
3.11    951 26.66   0.00
3.12    952 11.85   8.89
3.12    953 26.66   0.00
3.12    954 11.85   17.77
3.12    955 26.66   0.00
3.13    956 14.81   0.00
3.13    957 29.62   0.00
3.13    958 14.81   17.77
3.14    959 26.66   0.00
3.14    960 14.81   2.96
3.14    961 29.62   0.00
3.15    962 14.81   17.77
3.15    963 26.66   0.00
3.15    964 14.81   5.92
3.16    965 29.62   0.00
3.16    966 11.85   17.77
3.16    967 26.66   0.00
3.17    968 14.81   5.92
3.17    969 29.62   0.00
3.17    970 14.81   17.77
3.18    971 29.62   0.00
3.18    972 14.81   11.85
3.18    973 29.62   0.00
3.19    974 14.81   17.77
3.19    975 29.62   0.00
3.19    976 14.81   14.81
3.20    977 29.62   0.00
3.20    978 11.85   17.77
3.20    979 29.62   0.00
3.21    980 14.81   11.85
3.21    981 26.66   0.00
3.21    982 11.85   17.77
3.22    983 26.66   0.00
3.22    984 14.81   14.81
3.22    985 26.66   0.00
3.23    986 11.85   17.77
3.23    987 26.66   0.00
3.23    988 14.81   17.77
3.24    989 26.66   0.00
3.24    990 11.85   17.77
3.24    991 26.66   0.00
3.25    992 14.81   17.77
3.25    993 26.66   0.00
3.25    994 8.89    17.77
3.26    995 26.66   0.00
3.26    996 14.81   17.77
3.26    997 26.66   0.00
3.27    998 8.89    17.77
3.27    999 26.66   0.00
3.27    1000    14.81   17.77
3.28    1001    29.62   0.00
3.28    1002    11.85   17.77
3.28    1003    26.66   0.00
3.29    1004    14.81   11.85
3.29    1005    29.62   0.00
3.29    1006    11.85   17.77
3.30    1007    26.66   0.00
3.30    1008    14.81   14.81
3.30    1009    29.62   0.00
3.31    1010    11.85   17.77
3.31    1011    26.66   0.00
3.31    1012    14.81   11.85
3.32    1013    32.58   0.00
3.32    1014    11.85   17.77
3.32    1015    26.66   0.00
3.33    1016    14.81   8.89
3.33    1017    32.58   0.00
3.33    1018    11.85   17.77
3.34    1019    26.66   0.00
3.34    1020    14.81   14.81
3.34    1021    29.62   0.00
3.35    1022    14.81   17.77
3.35    1023    26.66   0.00
3.35    1024    14.81   0.00
3.36    1025    29.62   0.00
3.36    1026    11.85   20.74
3.36    1027    23.70   0.00
3.37    1028    14.81   8.89
3.37    1029    29.62   0.00
3.37    1030    11.85   17.77
3.38    1031    26.66   0.00
3.38    1032    14.81   0.00
3.38    1033    29.62   0.00
3.38    1034    11.85   20.74
3.39    1035    26.66   0.00
3.39    1036    11.85   17.77
3.39    1037    29.62   0.00
3.40    1038    11.85   20.74
3.40    1039    26.66   0.00
3.40    1040    14.81   8.89
3.41    1041    29.62   0.00
3.41    1042    11.85   17.77
3.41    1043    26.66   0.00
3.42    1044    14.81   5.92
3.42    1045    29.62   0.00
3.42    1046    11.85   20.74
3.43    1047    26.66   0.00
3.43    1048    14.81   0.00
3.43    1049    26.66   0.00
3.44    1050    11.85   20.74
3.44    1051    26.66   0.00
3.44    1052    14.81   5.92
3.45    1053    29.62   0.00
3.45    1054    14.81   17.77
3.45    1055    26.66   0.00
3.46    1056    14.81   0.00
3.46    1057    29.62   0.00
3.46    1058    14.81   17.77
3.47    1059    26.66   0.00
3.47    1060    14.81   5.92
3.47    1061    29.62   0.00
3.48    1062    14.81   14.81
3.48    1063    29.62   0.00
3.48    1064    17.77   0.00
3.49    1065    29.62   0.00
3.49    1066    14.81   14.81
3.49    1067    29.62   0.00
3.50    1068    17.77   0.00
3.50    1069    29.62   0.00
3.50    1070    11.85   17.77
3.51    1071    29.62   0.00
3.51    1072    14.81   0.00
3.51    1073    26.66   0.00
3.52    1074    14.81   17.77
3.52    1075    26.66   0.00
3.52    1076    14.81   0.00
3.53    1077    29.62   0.00
3.53    1078    14.81   17.77
3.53    1079    29.62   0.00
3.54    1080    14.81   0.00
3.54    1081    26.66   0.00
3.54    1082    11.85   17.77
3.55    1083    26.66   0.00
3.55    1084    14.81   0.00
3.55    1085    26.66   0.00
3.56    1086    14.81   14.81
3.56    1087    26.66   0.00
3.56    1088    14.81   0.00
3.57    1089    29.62   0.00
3.57    1090    11.85   14.81
3.57    1091    29.62   0.00
3.58    1092    17.77   0.00
3.58    1093    29.62   0.00
3.58    1094    14.81   2.96
3.59    1095    29.62   0.00
3.59    1096    17.77   0.00
3.59    1097    29.62   0.00
3.60    1098    11.85   14.81
3.60    1099    29.62   0.00
3.60    1100    17.77   0.00
3.61    1101    32.58   0.00
3.61    1102    14.81   2.96
3.61    1103    29.62   0.00
3.62    1104    17.77   0.00
3.62    1105    32.58   0.00
3.62    1106    14.81   0.00
3.62    1107    26.66   0.00
3.63    1108    17.77   0.00
3.63    1109    29.62   0.00
3.63    1110    11.85   14.81
3.64    1111    26.66   0.00
3.64    1112    14.81   0.00
3.64    1113    29.62   0.00
3.65    1114    14.81   11.85
3.65    1115    29.62   0.00
3.65    1116    20.74   0.00
3.66    1117    32.58   0.00
3.66    1118    14.81   5.92
3.66    1119    29.62   0.00
3.67    1120    17.77   0.00
3.67    1121    32.58   0.00
3.67    1122    14.81   14.81
3.68    1123    29.62   0.00
3.68    1124    17.77   0.00
3.68    1125    32.58   0.00
3.69    1126    14.81   11.85
3.69    1127    29.62   0.00
3.69    1128    17.77   0.00
3.70    1129    32.58   0.00
3.70    1130    14.81   14.81
3.70    1131    29.62   0.00
3.71    1132    17.77   0.00
3.71    1133    32.58   0.00
3.71    1134    14.81   11.85
3.72    1135    26.66   0.00
3.72    1136    14.81   0.00
3.72    1137    32.58   0.00
3.73    1138    14.81   14.81
3.73    1139    26.66   0.00
3.73    1140    14.81   0.00
3.74    1141    29.62   0.00
3.74    1142    14.81   14.81
3.74    1143    29.62   0.00
3.75    1144    14.81   0.00
3.75    1145    29.62   0.00
3.75    1146    14.81   14.81
3.76    1147    29.62   0.00
3.76    1148    17.77   0.00
3.76    1149    29.62   0.00
3.77    1150    14.81   11.85
3.77    1151    29.62   0.00
3.77    1152    14.81   0.00
3.78    1153    32.58   0.00
3.78    1154    14.81   14.81
3.78    1155    29.62   0.00
3.79    1156    17.77   0.00
3.79    1157    32.58   0.00
3.79    1158    14.81   14.81
3.80    1159    32.58   0.00
3.80    1160    17.77   0.00
3.80    1161    32.58   0.00
3.81    1162    14.81   11.85
3.81    1163    29.62   0.00
3.81    1164    17.77   0.00
3.82    1165    29.62   0.00
3.82    1166    14.81   14.81
3.82    1167    26.66   0.00
3.83    1168    14.81   0.00
3.83    1169    29.62   0.00
3.83    1170    11.85   17.77
3.83    1171    29.62   0.00
3.84    1172    14.81   0.00
3.84    1173    26.66   0.00
3.84    1174    11.85   17.77
3.85    1175    29.62   0.00
3.85    1176    14.81   14.81
3.85    1177    29.62   0.00
3.86    1178    14.81   14.81
3.86    1179    29.62   0.00
3.86    1180    14.81   8.89
3.87    1181    29.62   0.00
3.87    1182    14.81   17.77
3.87    1183    29.62   0.00
3.88    1184    14.81   8.89
3.88    1185    29.62   0.00
3.88    1186    11.85   17.77
3.89    1187    29.62   0.00
3.89    1188    17.77   2.96
3.89    1189    29.62   0.00
3.90    1190    11.85   17.77
3.90    1191    29.62   0.00
3.90    1192    17.77   2.96
3.91    1193    32.58   0.00
3.91    1194    14.81   17.77
3.91    1195    26.66   0.00
3.92    1196    14.81   0.00
3.92    1197    29.62   0.00
3.92    1198    11.85   17.77
3.93    1199    26.66   0.00
3.93    1200    14.81   17.77
3.93    1201    29.62   0.00
3.94    1202    11.85   17.77
3.94    1203    26.66   0.00
3.94    0   11.85   0.00
3.95    1   68.13   79.98
3.95    2   62.21   0.00
3.95    3   20.74   0.00
3.96    4   68.13   14.81
3.96    5   44.43   8.89
3.96    6   44.43   8.89
3.97    7   44.43   8.89
3.97    8   56.28   8.89
3.97    9   38.51   5.92
3.98    10  44.43   8.89
3.98    11  38.51   2.96
3.98    12  44.43   8.89
3.99    13  32.58   2.96
3.99    14  44.43   5.92
3.99    15  32.58   2.96
4.00    16  44.43   8.89
4.00    17  32.58   2.96
4.00    18  44.43   2.96
4.01    19  32.58   0.00
4.01    20  44.43   2.96
4.01    21  20.74   0.00
4.02    22  32.58   0.00
4.02    23  20.74   0.00
4.02    24  32.58   0.00
4.03    25  14.81   0.00
4.03    26  26.66   0.00
4.03    27  11.85   17.77
4.04    28  29.62   0.00
4.04    29  11.85   17.77
4.04    30  26.66   0.00
4.05    31  14.81   17.77
4.05    32  26.66   0.00
4.05    33  11.85   17.77
4.05    34  26.66   0.00
4.06    35  14.81   17.77
4.06    36  26.66   0.00
4.06    37  8.89    20.74
4.07    38  23.70   0.00
4.07    39  11.85   20.74
4.07    40  26.66   0.00
4.08    41  11.85   20.74
4.08    42  23.70   0.00
4.08    43  11.85   20.74
4.09    44  26.66   0.00
4.09    45  8.89    20.74
4.09    46  23.70   0.00
4.10    47  11.85   17.77
4.10    48  29.62   0.00
4.10    49  11.85   20.74
4.11    50  20.74   0.00
4.11    51  11.85   17.77
4.11    52  29.62   0.00
4.12    53  11.85   20.74
4.12    54  20.74   0.00
4.12    55  11.85   17.77
4.13    56  29.62   0.00
4.13    57  11.85   17.77
4.13    58  23.70   0.00
4.14    59  11.85   17.77
4.14    60  26.66   0.00
4.14    61  11.85   17.77
4.15    62  26.66   0.00
4.15    63  11.85   17.77
4.15    64  26.66   0.00
4.16    65  11.85   17.77
4.16    66  26.66   0.00
4.16    67  11.85   17.77
4.17    68  26.66   0.00
4.17    69  14.81   17.77
4.17    70  26.66   0.00
4.18    71  11.85   17.77
4.18    72  26.66   0.00
4.18    73  11.85   17.77
4.19    74  26.66   0.00
4.19    75  8.89    17.77
4.19    76  29.62   0.00
4.20    77  11.85   20.74
4.20    78  26.66   0.00
4.20    79  11.85   17.77
4.20    80  26.66   0.00
4.21    81  14.81   17.77
4.21    82  26.66   0.00
4.21    83  11.85   17.77
4.22    84  26.66   0.00
4.22    85  14.81   17.77
4.22    86  26.66   0.00
4.23    87  8.89    20.74
4.23    88  26.66   0.00
4.23    89  14.81   17.77
4.24    90  26.66   0.00
4.24    91  11.85   17.77
4.24    92  26.66   0.00
4.25    93  14.81   17.77
4.25    94  26.66   0.00
4.25    95  11.85   17.77
4.26    96  26.66   0.00
4.26    97  11.85   17.77
4.26    98  26.66   0.00
4.27    99  11.85   17.77
4.27    100 26.66   0.00
4.27    101 11.85   17.77
4.28    102 26.66   0.00
4.28    103 14.81   17.77
4.28    104 29.62   0.00
4.29    105 11.85   17.77
4.29    106 26.66   0.00
4.29    107 14.81   17.77
4.30    108 29.62   0.00
4.30    109 14.81   11.85
4.30    110 26.66   0.00
4.31    111 14.81   14.81
4.31    112 29.62   0.00
4.31    113 14.81   5.92
4.32    114 26.66   0.00
4.32    115 11.85   17.77
4.32    116 26.66   0.00
4.33    117 14.81   17.77
4.33    118 26.66   0.00
4.33    119 14.81   17.77
4.34    120 29.62   0.00
4.34    121 14.81   14.81
4.34    122 26.66   0.00
4.35    123 14.81   14.81
4.35    124 29.62   0.00
4.35    125 14.81   11.85
4.36    126 26.66   0.00
4.36    127 14.81   8.89
4.36    128 32.58   0.00
4.37    129 14.81   14.81
4.37    130 26.66   0.00
4.37    131 14.81   14.81
4.38    132 29.62   0.00
4.38    133 14.81   11.85
4.38    134 26.66   0.00
4.39    135 14.81   14.81
4.39    136 29.62   0.00
4.39    137 14.81   11.85
4.39    138 26.66   0.00
4.40    139 14.81   14.81
4.40    140 29.62   0.00
4.40    141 14.81   8.89
4.41    142 26.66   0.00
4.41    143 14.81   17.77
4.41    144 29.62   0.00
4.42    145 14.81   14.81
4.42    146 26.66   0.00
4.42    147 14.81   17.77
4.43    148 29.62   0.00
4.43    149 11.85   17.77
4.43    150 26.66   0.00
4.44    151 11.85   17.77
4.44    152 29.62   0.00
4.44    153 11.85   17.77
4.45    154 26.66   0.00
4.45    155 11.85   17.77
4.45    156 29.62   0.00
4.46    157 11.85   17.77
4.46    158 26.66   0.00
4.46    159 11.85   17.77
4.47    160 29.62   0.00
4.47    161 11.85   20.74
4.47    162 23.70   0.00
4.48    163 11.85   17.77
4.48    164 29.62   0.00
4.48    165 11.85   20.74
4.49    166 26.66   0.00
4.49    167 11.85   20.74
4.49    168 26.66   0.00
4.50    169 11.85   20.74
4.50    170 23.70   0.00
4.50    171 8.89    20.74
4.51    172 26.66   0.00
4.51    173 11.85   20.74
4.51    174 26.66   0.00
4.52    175 8.89    20.74
4.52    176 26.66   0.00
4.52    177 11.85   20.74
4.53    178 23.70   0.00
4.53    179 8.89    20.74
4.53    180 26.66   0.00
4.54    181 8.89    20.74
4.54    182 26.66   0.00
4.54    183 8.89    23.70
4.55    184 23.70   0.00
4.55    185 11.85   23.70
4.55    186 23.70   0.00
4.56    187 8.89    23.70
4.56    188 23.70   0.00
4.56    189 8.89    23.70
4.57    190 23.70   0.00
4.57    191 8.89    23.70
4.57    192 23.70   0.00
4.58    193 8.89    20.74
4.58    194 23.70   0.00
4.58    195 11.85   20.74
4.59    196 23.70   0.00
4.59    197 11.85   20.74
4.59    198 23.70   0.00
4.60    199 11.85   20.74
4.60    200 23.70   0.00
4.60    201 11.85   20.74
4.61    202 23.70   0.00
4.61    203 8.89    23.70
4.61    204 26.66   0.00
4.61    205 8.89    20.74
4.62    206 23.70   0.00
4.62    207 11.85   20.74
4.62    208 26.66   0.00
4.63    209 8.89    20.74
4.63    210 26.66   0.00
4.63    211 11.85   20.74
4.64    212 26.66   0.00
4.64    213 11.85   17.77
4.64    214 26.66   0.00
4.65    215 11.85   20.74
4.65    216 26.66   0.00
4.65    217 11.85   17.77
4.66    218 26.66   0.00
4.66    219 11.85   20.74
4.66    220 26.66   0.00
4.67    221 11.85   17.77
4.67    222 26.66   0.00
4.67    223 11.85   20.74
4.68    224 26.66   0.00
4.68    225 11.85   17.77
4.68    226 26.66   0.00
4.69    227 14.81   17.77
4.69    228 29.62   0.00
4.69    229 11.85   17.77
4.70    230 26.66   0.00
4.70    231 14.81   17.77
4.70    232 29.62   0.00
4.71    233 11.85   17.77
4.71    234 26.66   0.00
4.71    235 14.81   17.77
4.72    236 29.62   0.00
4.72    237 11.85   17.77
4.72    238 26.66   0.00
4.73    239 14.81   17.77
4.73    240 29.62   0.00
4.73    241 11.85   17.77
4.74    242 26.66   0.00
4.74    243 14.81   14.81
4.74    244 29.62   0.00
4.75    245 14.81   17.77
4.75    246 26.66   0.00
4.75    247 14.81   14.81
4.76    248 29.62   0.00
4.76    249 14.81   17.77
4.76    250 26.66   0.00
4.77    251 14.81   11.85
4.77    252 29.62   0.00
4.77    253 14.81   11.85
4.78    254 26.66   0.00
4.78    255 14.81   0.00
4.78    256 29.62   0.00
4.79    257 14.81   17.77
4.79    258 26.66   0.00
4.79    259 14.81   14.81
4.80    260 29.62   0.00
4.80    261 14.81   14.81
4.80    262 26.66   0.00
4.81    263 11.85   14.81
4.81    264 29.62   0.00
4.81    265 14.81   17.77
4.82    266 26.66   0.00
4.82    267 11.85   14.81
4.82    268 29.62   0.00
4.83    269 14.81   14.81
4.83    270 26.66   0.00
4.83    271 14.81   11.85
4.84    272 29.62   0.00
4.84    273 14.81   14.81
4.84    274 26.66   0.00
4.84    275 14.81   14.81
4.85    276 29.62   0.00
4.85    277 14.81   14.81
4.85    278 26.66   0.00
4.86    279 14.81   14.81
4.86    280 29.62   0.00
4.86    281 14.81   14.81
4.87    282 26.66   0.00
4.87    283 14.81   14.81
4.87    284 29.62   0.00
4.88    285 14.81   14.81
4.88    286 26.66   0.00
4.88    287 14.81   8.89
4.89    288 29.62   0.00
4.89    289 14.81   5.92
4.89    290 26.66   0.00
4.90    291 14.81   8.89
4.90    292 29.62   0.00
4.90    293 14.81   14.81
4.91    294 26.66   0.00
4.91    295 11.85   17.77
4.91    296 29.62   0.00
4.92    297 14.81   17.77
4.92    298 26.66   0.00
4.92    299 14.81   17.77
4.93    300 29.62   0.00
4.93    301 14.81   11.85
4.93    302 26.66   0.00
4.94    303 14.81   14.81
4.94    304 29.62   0.00
4.94    305 14.81   8.89
4.95    306 29.62   0.00
4.95    307 14.81   14.81
4.95    308 29.62   0.00
4.96    309 14.81   0.00
4.96    310 26.66   0.00
4.96    311 11.85   17.77
4.97    312 26.66   0.00
4.97    313 11.85   17.77
4.97    314 26.66   0.00
4.98    315 11.85   14.81
4.98    316 29.62   0.00
4.98    317 14.81   2.96
4.99    318 26.66   0.00
4.99    319 14.81   14.81
4.99    320 32.58   0.00
5.00    321 14.81   0.00
5.00    322 26.66   0.00
5.00    323 11.85   17.77
5.01    324 29.62   0.00
5.01    325 14.81   17.77
5.01    326 26.66   0.00
5.02    327 14.81   17.77
5.02    328 29.62   0.00
5.02    329 14.81   11.85
5.03    330 26.66   0.00
5.03    331 14.81   17.77
5.03    332 29.62   0.00
5.04    333 14.81   5.92
5.04    334 26.66   0.00
5.04    335 14.81   17.77
5.05    336 29.62   0.00
5.05    337 11.85   14.81
5.05    338 26.66   0.00
5.06    339 14.81   14.81
5.06    340 32.58   0.00
5.06    341 14.81   17.77
5.06    342 26.66   0.00
5.07    343 14.81   14.81
5.07    344 29.62   0.00
5.07    345 14.81   17.77
5.08    346 26.66   0.00
5.08    347 14.81   17.77
5.08    348 29.62   0.00
5.09    349 11.85   17.77
5.09    350 26.66   0.00
5.09    351 11.85   17.77
5.10    352 29.62   0.00
5.10    353 11.85   17.77
5.10    354 23.70   0.00
5.11    355 14.81   17.77
5.11    356 29.62   0.00
5.11    357 14.81   20.74
5.12    358 26.66   0.00
5.12    359 11.85   20.74
5.12    360 26.66   0.00
5.13    361 11.85   20.74
5.13    362 26.66   0.00
5.13    363 8.89    20.74
5.14    364 26.66   0.00
5.14    365 11.85   20.74
5.14    366 26.66   0.00
5.15    367 8.89    20.74
5.15    368 26.66   0.00
5.15    369 11.85   20.74
5.16    370 26.66   0.00
5.16    371 8.89    20.74
5.16    372 26.66   0.00
5.17    373 8.89    20.74
5.17    374 23.70   0.00
5.17    375 8.89    20.74
5.18    376 26.66   0.00
5.18    377 11.85   20.74
5.18    378 23.70   0.00
5.19    379 8.89    20.74
5.19    380 26.66   0.00
5.19    381 11.85   20.74
5.20    382 26.66   0.00
5.20    383 11.85   20.74
5.20    384 26.66   0.00
5.21    385 11.85   20.74
5.21    386 26.66   0.00
5.21    387 8.89    20.74
5.22    388 23.70   0.00
5.22    389 8.89    20.74
5.22    390 23.70   0.00
5.23    391 8.89    23.70
5.23    392 26.66   0.00
5.23    393 8.89    20.74
5.24    394 23.70   0.00
5.24    395 8.89    23.70
5.24    396 23.70   0.00
5.25    397 8.89    20.74
5.25    398 23.70   0.00
5.25    399 11.85   23.70
5.26    400 26.66   0.00
5.26    401 11.85   20.74
5.26    402 26.66   0.00
5.27    403 8.89    20.74
5.27    404 23.70   0.00
5.27    405 8.89    20.74
5.27    406 23.70   0.00
5.28    407 11.85   20.74
5.28    408 23.70   0.00
5.28    409 8.89    20.74
5.29    410 23.70   0.00
5.29    411 11.85   20.74
5.29    412 26.66   0.00
5.30    413 8.89    20.74
5.30    414 26.66   0.00
5.30    415 8.89    20.74
5.31    416 26.66   0.00
5.31    417 8.89    20.74
5.31    418 23.70   0.00
5.32    419 11.85   20.74
5.32    420 26.66   0.00
5.32    421 8.89    20.74
5.33    422 26.66   0.00
5.33    423 11.85   20.74
5.33    424 29.62   0.00
5.34    425 11.85   20.74
5.34    426 23.70   0.00
5.34    427 11.85   20.74
5.35    428 29.62   0.00
5.35    429 8.89    17.77
5.35    430 23.70   0.00
5.36    431 14.81   17.77
5.36    432 29.62   0.00
5.36    433 11.85   17.77
5.37    434 26.66   0.00
5.37    435 14.81   14.81
5.37    436 29.62   0.00
5.38    437 14.81   11.85
5.38    438 26.66   0.00
5.38    439 14.81   11.85
5.39    440 32.58   0.00
5.39    441 14.81   5.92
5.39    442 26.66   0.00
5.40    443 14.81   8.89
5.40    444 29.62   0.00
5.40    445 14.81   8.89
5.41    446 26.66   0.00
5.41    447 14.81   14.81
5.41    448 32.58   0.00
5.42    449 14.81   14.81
5.42    450 26.66   0.00
5.42    451 14.81   8.89
5.43    452 32.58   0.00
5.43    453 14.81   14.81
5.43    454 26.66   0.00
5.44    455 14.81   8.89
5.44    456 32.58   0.00
5.44    457 14.81   14.81
5.45    458 26.66   0.00
5.45    459 14.81   2.96
5.45    460 32.58   0.00
5.46    461 14.81   14.81
5.46    462 26.66   0.00
5.46    463 14.81   11.85
5.47    464 32.58   0.00
5.47    465 14.81   14.81
5.47    466 26.66   0.00
5.48    467 14.81   14.81
5.48    468 32.58   0.00
5.48    469 14.81   14.81
5.49    470 26.66   0.00
5.49    471 14.81   14.81
5.49    472 29.62   0.00
5.50    473 14.81   14.81
5.50    474 26.66   0.00
5.50    475 11.85   17.77
5.50    476 29.62   0.00
5.51    477 14.81   17.77
5.51    478 26.66   0.00
5.51    479 14.81   17.77
5.52    480 29.62   0.00
5.52    481 14.81   17.77
5.52    482 26.66   0.00
5.53    483 14.81   17.77
5.53    484 29.62   0.00
5.53    485 14.81   17.77
5.54    486 26.66   0.00
5.54    487 11.85   17.77
5.54    488 29.62   0.00
5.55    489 14.81   17.77
5.55    490 26.66   0.00
5.55    491 14.81   14.81
5.56    492 29.62   0.00
5.56    493 14.81   14.81
5.56    494 26.66   0.00
5.57    495 14.81   17.77
5.57    496 29.62   0.00
5.57    497 14.81   14.81
5.58    498 26.66   0.00
5.58    499 14.81   14.81
5.58    500 29.62   0.00
5.59    501 14.81   11.85
5.59    502 26.66   0.00
5.59    503 14.81   14.81
5.60    504 29.62   0.00
5.60    505 14.81   2.96
5.60    506 29.62   0.00
5.61    507 11.85   17.77
5.61    508 29.62   0.00
5.61    509 11.85   17.77
5.62    510 26.66   0.00
5.62    511 14.81   17.77
5.62    512 29.62   0.00
5.63    513 14.81   14.81
5.63    514 26.66   0.00
5.63    515 14.81   14.81
5.64    516 29.62   0.00
5.64    517 14.81   5.92
5.64    518 26.66   0.00
5.65    519 14.81   17.77
5.65    520 29.62   0.00
5.65    521 11.85   14.81
5.66    522 26.66   0.00
5.66    523 14.81   14.81
5.66    524 29.62   0.00
5.67    525 14.81   14.81
5.67    526 26.66   0.00
5.67    527 14.81   14.81
5.68    528 29.62   0.00
5.68    529 14.81   5.92
5.68    530 26.66   0.00
5.69    531 14.81   14.81
5.69    532 29.62   0.00
5.69    533 14.81   8.89
5.70    534 26.66   0.00
5.70    535 14.81   17.77
5.70    536 29.62   0.00
5.71    537 14.81   14.81
5.71    538 26.66   0.00
5.71    539 14.81   14.81
5.72    540 29.62   0.00
5.72    541 14.81   14.81
5.72    542 26.66   0.00
5.73    543 14.81   17.77
5.73    544 29.62   0.00
5.73    545 14.81   17.77
5.74    546 26.66   0.00
5.74    547 14.81   17.77
5.74    548 29.62   0.00
5.74    549 14.81   17.77
5.75    550 26.66   0.00
5.75    551 14.81   14.81
5.75    552 29.62   0.00
5.76    553 14.81   17.77
5.76    554 26.66   0.00
5.76    555 11.85   17.77
5.77    556 29.62   0.00
5.77    557 14.81   20.74
5.77    558 26.66   0.00
5.78    559 11.85   17.77
5.78    560 29.62   0.00
5.78    561 14.81   20.74
5.79    562 26.66   0.00
5.79    563 14.81   17.77
5.79    564 29.62   0.00
5.80    565 11.85   17.77
5.80    566 26.66   0.00
5.80    567 11.85   17.77
5.81    568 29.62   0.00
5.81    569 14.81   20.74
5.81    570 26.66   0.00
5.82    571 11.85   17.77
5.82    572 26.66   0.00
5.82    573 11.85   17.77
5.83    574 26.66   0.00
5.83    575 11.85   17.77
5.83    576 26.66   0.00
5.84    577 14.81   17.77
5.84    578 26.66   0.00
5.84    579 11.85   17.77
5.85    580 26.66   0.00
5.85    581 14.81   20.74
5.85    582 26.66   0.00
5.86    583 11.85   20.74
5.86    584 26.66   0.00
5.86    585 11.85   17.77
5.87    586 26.66   0.00
5.87    587 8.89    20.74
5.87    588 26.66   0.00
5.88    589 14.81   17.77
5.88    590 26.66   0.00
5.88    591 11.85   20.74
5.89    592 26.66   0.00
5.89    593 11.85   20.74
5.89    594 26.66   0.00
5.90    595 11.85   20.74
5.90    596 26.66   0.00
5.90    597 11.85   20.74
5.91    598 26.66   0.00
5.91    599 11.85   20.74
5.91    600 26.66   0.00
5.92    601 11.85   20.74
5.92    602 26.66   0.00
5.92    603 14.81   20.74
5.93    604 26.66   0.00
5.93    605 11.85   17.77
5.93    606 26.66   0.00
5.94    607 11.85   20.74
5.94    608 26.66   0.00
5.94    609 11.85   17.77
5.95    610 26.66   0.00
5.95    611 14.81   20.74
5.95    612 26.66   0.00
5.96    613 11.85   17.77
5.96    614 26.66   0.00
5.96    615 11.85   20.74
5.97    616 26.66   0.00
5.97    617 11.85   17.77
5.97    618 26.66   0.00
5.98    619 11.85   17.77
5.98    620 26.66   0.00
5.98    621 11.85   17.77
5.99    622 26.66   0.00
5.99    623 14.81   17.77
5.99    624 29.62   0.00
5.99    625 11.85   17.77
6.00    626 26.66   0.00
6.00    627 14.81   17.77
6.00    628 29.62   0.00
6.01    629 14.81   14.81
6.01    630 26.66   0.00
6.01    631 14.81   14.81
6.02    632 29.62   0.00
6.02    633 14.81   11.85
6.02    634 26.66   0.00
6.03    635 14.81   17.77
6.03    636 29.62   0.00
6.03    637 11.85   17.77
6.04    638 26.66   0.00
6.04    639 14.81   14.81
6.04    640 32.58   0.00
6.05    641 14.81   8.89
6.05    642 26.66   0.00
6.05    643 14.81   14.81
6.06    644 32.58   0.00
6.06    645 14.81   14.81
6.06    646 26.66   0.00
6.07    647 14.81   14.81
6.07    648 29.62   0.00
6.07    649 14.81   17.77
6.08    650 26.66   0.00
6.08    651 14.81   11.85
6.08    652 29.62   0.00
6.09    653 14.81   14.81
6.09    654 26.66   0.00
6.09    655 14.81   11.85
6.10    656 32.58   0.00
6.10    657 14.81   14.81
6.10    658 26.66   0.00
6.11    659 14.81   14.81
6.11    660 32.58   0.00
6.11    661 11.85   17.77
6.12    662 26.66   0.00
6.12    663 14.81   14.81
6.12    664 32.58   0.00
6.13    665 14.81   17.77
6.13    666 26.66   0.00
6.13    667 11.85   17.77
6.14    668 29.62   0.00
6.14    669 14.81   17.77
6.14    670 26.66   0.00
6.15    671 14.81   17.77
6.15    672 29.62   0.00
6.15    673 14.81   17.77
6.16    674 26.66   0.00
6.16    675 11.85   14.81
6.16    676 29.62   0.00
6.17    677 14.81   17.77
6.17    678 26.66   0.00
6.17    679 14.81   14.81
6.18    680 29.62   0.00
6.18    681 14.81   17.77
6.18    682 26.66   0.00
6.19    683 11.85   14.81
6.19    684 29.62   0.00
6.19    685 14.81   17.77
6.20    686 26.66   0.00
6.20    687 14.81   14.81
6.20    688 29.62   0.00
6.21    689 14.81   2.96
6.21    690 26.66   0.00
6.21    691 11.85   14.81
6.22    692 29.62   0.00
6.22    693 14.81   17.77
6.22    694 26.66   0.00
6.23    695 14.81   17.77
6.23    696 29.62   0.00
6.23    697 14.81   17.77
6.23    698 26.66   0.00
6.24    699 14.81   17.77
6.24    700 29.62   0.00
6.24    701 14.81   17.77
6.25    702 26.66   0.00
6.25    703 14.81   17.77
6.25    704 29.62   0.00
6.26    705 14.81   14.81
6.26    706 26.66   0.00
6.26    707 14.81   17.77
6.27    708 29.62   0.00
6.27    709 14.81   11.85
6.27    710 26.66   0.00
6.28    711 14.81   14.81
6.28    712 29.62   0.00
6.28    713 14.81   8.89
6.29    714 26.66   0.00
6.29    715 14.81   14.81
6.29    716 29.62   0.00
6.30    717 14.81   8.89
6.30    718 26.66   0.00
6.30    719 14.81   17.77
6.31    720 29.62   0.00
6.31    721 14.81   11.85
6.31    722 26.66   0.00
6.32    723 14.81   14.81
6.32    724 32.58   0.00
6.32    725 14.81   8.89
6.33    726 26.66   0.00
6.33    727 14.81   8.89
6.33    728 32.58   0.00
6.34    729 14.81   5.92
6.34    730 26.66   0.00
6.34    731 14.81   11.85
6.35    732 32.58   0.00
6.35    733 14.81   0.00
6.35    734 26.66   0.00
6.36    735 14.81   17.77
6.36    736 32.58   0.00
6.36    737 14.81   8.89
6.37    738 26.66   0.00
6.37    739 14.81   8.89
6.37    740 32.58   0.00
6.38    741 14.81   0.00
6.38    742 26.66   0.00
6.38    743 14.81   14.81
6.39    744 29.62   0.00
6.39    745 14.81   2.96
6.39    746 26.66   0.00
6.40    747 14.81   2.96
6.40    748 32.58   0.00
6.40    749 14.81   0.00
6.41    750 26.66   0.00
6.41    751 11.85   17.77
6.41    752 29.62   0.00
6.42    753 11.85   17.77
6.42    754 26.66   0.00
6.42    755 14.81   14.81
6.42    756 29.62   0.00
6.43    757 14.81   14.81
6.43    758 26.66   0.00
6.43    759 14.81   11.85
6.44    760 32.58   0.00
6.44    761 14.81   14.81
6.44    762 26.66   0.00
6.45    763 14.81   14.81
6.45    764 29.62   0.00
6.45    765 14.81   17.77
6.46    766 26.66   0.00
6.46    767 14.81   14.81
6.46    768 29.62   0.00
6.47    769 14.81   17.77
6.47    770 26.66   0.00
6.47    771 11.85   17.77
6.48    772 29.62   0.00
6.48    773 14.81   17.77
6.48    774 26.66   0.00
6.49    775 14.81   17.77
6.49    776 26.66   0.00
6.49    777 14.81   17.77
6.50    778 26.66   0.00
6.50    779 11.85   20.74
6.50    780 26.66   0.00
6.51    781 11.85   20.74
6.51    782 26.66   0.00
6.51    783 11.85   20.74
6.52    784 26.66   0.00
6.52    785 11.85   20.74
6.52    786 26.66   0.00
6.53    787 8.89    20.74
6.53    788 26.66   0.00
6.53    789 11.85   20.74
6.54    790 26.66   0.00
6.54    791 11.85   20.74
6.54    792 26.66   0.00
6.55    793 11.85   20.74
6.55    794 26.66   0.00
6.55    795 11.85   20.74
6.56    796 26.66   0.00
6.56    797 11.85   17.77
6.56    798 26.66   0.00
6.57    799 11.85   20.74
6.57    800 26.66   0.00
6.57    801 11.85   17.77
6.58    802 26.66   0.00
6.58    803 11.85   20.74
6.58    804 26.66   0.00
6.59    805 11.85   17.77
6.59    806 26.66   0.00
6.59    807 11.85   20.74
6.60    808 26.66   0.00
6.60    809 8.89    17.77
6.60    810 26.66   0.00
6.61    811 11.85   20.74
6.61    812 26.66   0.00
6.61    813 11.85   17.77
6.62    814 26.66   0.00
6.62    815 11.85   20.74
6.62    816 26.66   0.00
6.63    817 11.85   17.77
6.63    818 26.66   0.00
6.63    819 11.85   20.74
6.64    820 26.66   0.00
6.64    821 11.85   17.77
6.64    822 26.66   0.00
6.65    823 14.81   17.77
6.65    824 29.62   0.00
6.65    825 11.85   17.77
6.66    826 26.66   0.00
6.66    827 14.81   17.77
6.66    828 29.62   0.00
6.67    829 11.85   17.77
6.67    830 26.66   0.00
6.67    831 14.81   17.77
6.67    832 29.62   0.00
6.68    833 14.81   14.81
6.68    834 26.66   0.00
6.68    835 14.81   14.81
6.69    836 29.62   0.00
6.69    837 14.81   5.92
6.69    838 26.66   0.00
6.70    839 14.81   17.77
6.70    840 32.58   0.00
6.70    841 14.81   14.81
6.71    842 26.66   0.00
6.71    843 14.81   11.85
6.71    844 29.62   0.00
6.72    845 14.81   14.81
6.72    846 26.66   0.00
6.72    847 11.85   11.85
6.73    848 32.58   0.00
6.73    849 14.81   11.85
6.73    850 26.66   0.00
6.74    851 14.81   0.00
6.74    852 32.58   0.00
6.74    853 14.81   14.81
6.75    854 26.66   0.00
6.75    855 14.81   0.00
6.75    856 29.62   0.00
6.76    857 14.81   17.77
6.76    858 26.66   0.00
6.76    859 14.81   5.92
6.77    860 32.58   0.00
6.77    861 14.81   8.89
6.77    862 26.66   0.00
6.78    863 14.81   2.96
6.78    864 32.58   0.00
6.78    865 14.81   14.81
6.79    866 26.66   0.00
6.79    867 14.81   8.89
6.79    868 32.58   0.00
6.80    869 14.81   0.00
6.80    870 26.66   0.00
6.80    871 11.85   17.77
6.81    872 29.62   0.00
6.81    873 14.81   17.77
6.81    874 26.66   0.00
6.82    875 11.85   17.77
6.82    876 29.62   0.00
6.82    877 14.81   11.85
6.83    878 26.66   0.00
6.83    879 14.81   8.89
6.83    880 29.62   0.00
6.84    881 14.81   8.89
6.84    882 26.66   0.00
6.84    883 14.81   0.00
6.85    884 29.62   0.00
6.85    885 14.81   17.77
6.85    886 26.66   0.00
6.86    887 14.81   11.85
6.86    888 32.58   0.00
6.86    889 14.81   2.96
6.86    890 26.66   0.00
6.87    891 11.85   14.81
6.87    892 29.62   0.00
6.87    893 14.81   0.00
6.88    894 26.66   0.00
6.88    895 11.85   17.77
6.88    896 29.62   0.00
6.89    897 14.81   0.00
6.89    898 26.66   0.00
6.89    899 11.85   17.77
6.90    900 26.66   0.00
6.90    901 14.81   14.81
6.90    902 26.66   0.00
6.91    903 14.81   14.81
6.91    904 29.62   0.00
6.91    905 14.81   2.96
6.92    906 26.66   0.00
6.92    907 14.81   14.81
6.92    908 29.62   0.00
6.93    909 14.81   0.00
6.93    910 26.66   0.00
6.93    911 14.81   17.77
6.94    912 29.62   0.00
6.94    913 14.81   8.89
6.94    914 26.66   0.00
6.95    915 14.81   14.81
6.95    916 29.62   0.00
6.95    917 14.81   0.00
6.96    918 26.66   0.00
6.96    919 11.85   17.77
6.96    920 29.62   0.00
6.97    921 14.81   8.89
6.97    922 26.66   0.00
6.97    923 14.81   17.77
6.98    924 29.62   0.00
6.98    925 11.85   17.77
6.98    926 26.66   0.00
6.99    927 14.81   17.77
6.99    928 29.62   0.00
6.99    929 11.85   14.81
7.00    930 26.66   0.00
7.00    931 14.81   14.81
7.00    932 29.62   0.00
7.01    933 14.81   2.96
7.01    934 26.66   0.00
7.01    935 14.81   17.77
7.02    936 29.62   0.00
7.02    937 8.89    17.77
7.02    938 26.66   0.00
7.03    939 11.85   17.77
7.03    940 29.62   0.00
7.03    941 11.85   17.77
7.04    942 26.66   0.00
7.04    943 14.81   17.77
7.04    944 29.62   0.00
7.05    945 14.81   17.77
7.05    946 26.66   0.00
7.05    947 14.81   17.77
7.06    948 29.62   0.00
7.06    949 14.81   17.77
7.06    950 26.66   0.00
7.07    951 14.81   17.77
7.07    952 29.62   0.00
7.07    953 14.81   17.77
7.07    954 26.66   0.00
7.08    955 14.81   17.77
7.08    956 29.62   0.00
7.08    957 14.81   17.77
7.09    958 26.66   0.00
7.09    959 11.85   17.77
7.09    960 29.62   0.00
7.10    961 14.81   17.77
7.10    962 26.66   0.00
7.10    963 11.85   17.77
7.11    964 29.62   0.00
7.11    965 11.85   17.77
7.11    966 26.66   0.00
7.12    967 11.85   17.77
7.12    968 29.62   0.00
7.12    969 11.85   20.74
7.13    970 26.66   0.00
7.13    971 11.85   20.74
7.13    972 29.62   0.00
7.14    973 11.85   20.74
7.14    974 26.66   0.00
7.14    975 11.85   20.74
7.15    976 26.66   0.00
7.15    977 11.85   20.74
7.15    978 26.66   0.00
7.16    979 11.85   20.74
7.16    980 26.66   0.00
7.16    981 11.85   20.74
7.17    982 26.66   0.00
7.17    983 11.85   20.74
7.17    984 26.66   0.00
7.18    985 11.85   17.77
7.18    986 26.66   0.00
7.18    987 11.85   20.74
7.19    988 26.66   0.00
7.19    989 11.85   20.74
7.19    990 26.66   0.00
7.20    991 11.85   17.77
7.20    992 26.66   0.00
7.20    993 14.81   17.77
7.21    994 26.66   0.00
7.21    995 11.85   20.74
7.21    996 26.66   0.00
7.22    997 11.85   20.74
7.22    998 26.66   0.00
7.22    999 11.85   20.74
7.23    1000    26.66   0.00
7.23    1001    11.85   17.77
7.23    1002    26.66   0.00
7.24    1003    14.81   17.77
7.24    1004    26.66   0.00
7.24    1005    14.81   14.81
7.25    1006    26.66   0.00
7.25    1007    14.81   17.77
7.25    1008    26.66   0.00
7.26    1009    14.81   14.81
7.26    1010    26.66   0.00
7.26    1011    14.81   17.77
7.27    1012    26.66   0.00
7.27    1013    14.81   8.89
7.27    1014    26.66   0.00
7.28    1015    14.81   14.81
7.28    1016    32.58   0.00
7.28    1017    14.81   0.00
7.29    1018    26.66   0.00
7.29    1019    11.85   17.77
7.29    1020    29.62   0.00
7.30    1021    14.81   8.89
7.30    1022    26.66   0.00
7.30    1023    14.81   14.81
7.31    1024    32.58   0.00
7.31    1025    14.81   0.00
7.31    1026    26.66   0.00
7.32    1027    14.81   14.81
7.32    1028    29.62   0.00
7.32    1029    14.81   0.00
7.33    1030    26.66   0.00
7.33    1031    14.81   14.81
7.33    1032    32.58   0.00
7.34    1033    14.81   2.96
7.34    1034    26.66   0.00
7.34    1035    17.77   0.00
7.34    1036    29.62   0.00
7.35    1037    14.81   8.89
7.35    1038    26.66   0.00
7.35    1039    14.81   14.81
7.36    1040    32.58   0.00
7.36    1041    17.77   0.00
7.36    1042    26.66   0.00
7.37    1043    14.81   0.00
7.37    1044    32.58   0.00
7.37    1045    14.81   5.92
7.38    1046    26.66   0.00
7.38    1047    14.81   8.89
7.38    1048    32.58   0.00
7.39    1049    14.81   0.00
7.39    1050    26.66   0.00
7.39    1051    14.81   11.85
7.40    1052    32.58   0.00
7.40    1053    14.81   0.00
7.40    1054    26.66   0.00
7.41    1055    14.81   0.00
7.41    1056    29.62   0.00
7.41    1057    14.81   17.77
7.42    1058    26.66   0.00
7.42    1059    14.81   14.81
7.42    1060    32.58   0.00
7.43    1061    14.81   0.00
7.43    1062    26.66   0.00
7.43    1063    14.81   8.89
7.44    1064    32.58   0.00
7.44    1065    14.81   0.00
7.44    1066    26.66   0.00
7.45    1067    14.81   14.81
7.45    1068    32.58   0.00
7.45    1069    14.81   8.89
7.46    1070    26.66   0.00
7.46    1071    14.81   14.81
7.46    1072    32.58   0.00
7.47    1073    14.81   0.00
7.47    1074    26.66   0.00
7.47    1075    11.85   17.77
7.48    1076    29.62   0.00
7.48    1077    14.81   14.81
7.48    1078    26.66   0.00
7.49    1079    14.81   5.92
7.49    1080    32.58   0.00
7.49    1081    14.81   5.92
7.50    1082    29.62   0.00
7.50    1083    14.81   5.92
7.50    1084    32.58   0.00
7.51    1085    17.77   2.96
7.51    1086    29.62   0.00
7.51    1087    14.81   8.89
7.52    1088    32.58   0.00
7.52    1089    14.81   11.85
7.52    1090    26.66   0.00
7.53    1091    14.81   17.77
7.53    1092    29.62   0.00
7.53    1093    14.81   17.77
7.54    1094    26.66   0.00
7.54    1095    11.85   20.74
7.54    1096    29.62   0.00
7.55    1097    11.85   20.74
7.55    1098    26.66   0.00
7.55    1099    11.85   20.74
7.56    1100    26.66   0.00
7.56    1101    11.85   20.74
7.56    1102    26.66   0.00
7.57    1103    11.85   20.74
7.57    1104    26.66   0.00
7.57    1105    11.85   20.74
7.58    1106    26.66   0.00
7.58    1107    11.85   20.74
7.58    1108    26.66   0.00
7.59    1109    11.85   20.74
7.59    1110    26.66   0.00
7.59    1111    11.85   20.74
7.60    1112    26.66   0.00
7.60    1113    11.85   20.74
7.60    1114    26.66   0.00
7.61    1115    11.85   20.74
7.61    1116    26.66   0.00
7.61    1117    11.85   20.74
7.62    1118    26.66   0.00
7.62    1119    11.85   20.74
7.62    1120    26.66   0.00
7.63    1121    11.85   20.74
7.63    1122    23.70   0.00
7.63    1123    8.89    23.70
7.64    1124    26.66   0.00
7.64    1125    8.89    20.74
7.64    1126    23.70   0.00
7.65    1127    8.89    20.74
7.65    1128    26.66   0.00
7.65    1129    8.89    20.74
7.66    1130    23.70   0.00
7.66    1131    11.85   20.74
7.66    1132    29.62   0.00
7.67    1133    11.85   20.74
7.67    1134    26.66   0.00
7.67    1135    11.85   20.74
7.68    1136    26.66   0.00
7.68    1137    11.85   20.74
7.68    1138    23.70   0.00
7.69    1139    8.89    20.74
7.69    1140    26.66   0.00
7.69    1141    8.89    20.74
7.70    1142    23.70   0.00
7.70    1143    8.89    23.70
7.70    1144    26.66   0.00
7.71    1145    11.85   23.70
7.71    1146    20.74   0.00
7.71    1147    8.89    23.70
7.71    1148    26.66   0.00
7.72    1149    11.85   20.74
7.72    1150    23.70   0.00
7.72    1151    8.89    20.74
7.73    1152    26.66   0.00
7.73    1153    8.89    23.70
7.73    1154    23.70   0.00
7.74    1155    8.89    23.70
7.74    1156    26.66   0.00
7.74    1157    8.89    23.70
7.75    1158    23.70   0.00
7.75    1159    8.89    23.70
7.75    1160    26.66   0.00
7.76    1161    8.89    23.70
7.76    1162    23.70   0.00
7.76    1163    8.89    23.70
7.77    1164    26.66   0.00
7.77    1165    8.89    23.70
7.77    1166    23.70   0.00
7.78    1167    8.89    20.74
7.78    1168    26.66   0.00
7.78    1169    8.89    20.74
7.79    1170    23.70   0.00
7.79    1171    11.85   20.74
7.79    1172    26.66   0.00
7.80    1173    11.85   20.74
7.80    1174    26.66   0.00
7.80    1175    11.85   20.74
7.81    1176    26.66   0.00
7.81    1177    8.89    23.70
7.81    1178    26.66   0.00
7.82    1179    11.85   23.70
7.82    1180    26.66   0.00
7.82    1181    8.89    23.70
7.83    1182    23.70   0.00
7.83    1183    8.89    23.70
7.83    1184    23.70   0.00
7.84    1185    11.85   23.70
7.84    1186    26.66   0.00
7.84    1187    8.89    23.70
7.85    1188    26.66   0.00
7.85    1189    8.89    23.70
7.85    1190    26.66   0.00
7.86    1191    8.89    26.66
7.86    1192    26.66   0.00
7.86    1193    11.85   23.70
7.87    1194    26.66   0.00
7.87    1195    8.89    26.66
7.87    1196    23.70   0.00
7.88    1197    8.89    23.70
7.88    1198    23.70   0.00
7.88    1199    8.89    26.66
7.89    1200    23.70   0.00
7.89    1201    8.89    23.70
7.89    1202    26.66   0.00
7.90    1203    8.89    23.70